((R_1 \to R_2) NOR (R_1 \land R_3)) NAND (R_2 \lor R_4)

1234 ((R_1 \to R_2) NOR (R_1 \land R_3)) NAND (R_2 \lor R_4)  tulemus
0000   0    1       0                    1                    1
0001   0    1       0                    1                    1
0010   0    1       0                    1                    1
0011   0    1       0                    1                    1
0100   0    1       0                    1                    1
0101   0    1       0                    1                    1
0110   0    1       0                    1                    1
0111   0    1       0                    1                    1
1000
1001
1010
1011
1100
1101
1110
1111        


?1??        1  1    0                    1     1    1

!R_1 or
